PositioninAlignment	A	T	G	C	Gap	NumberofSeqs	ConsensusBase
1	0.125000	0.000000	0.000000	0.000000	0.875000	8	a
2	0.000000	0.125000	0.000000	0.000000	0.875000	8	t
3	0.000000	0.125000	0.000000	0.000000	0.875000	8	t
4	0.000000	0.000000	0.250000	0.000000	0.750000	8	g
5	0.000000	0.000000	0.250000	0.000000	0.750000	8	g
6	0.000000	0.375000	0.000000	0.125000	0.500000	8	y
7	0.750000	0.000000	0.000000	0.000000	0.250000	8	a
8	0.000000	0.000000	0.000000	0.750000	0.250000	8	c
9	0.000000	0.125000	0.000000	0.625000	0.250000	8	y
10	0.000000	0.000000	0.000000	0.750000	0.250000	8	c
11	0.000000	0.750000	0.000000	0.000000	0.250000	8	t
12	0.125000	0.250000	0.250000	0.125000	0.250000	8	n
13	0.000000	0.875000	0.000000	0.000000	0.125000	8	t
14	0.875000	0.000000	0.000000	0.000000	0.125000	8	a
15	0.000000	0.500000	0.000000	0.375000	0.125000	8	y
16	0.000000	0.250000	0.000000	0.625000	0.125000	8	y
17	0.000000	0.875000	0.000000	0.000000	0.125000	8	t
18	0.500000	0.125000	0.000000	0.250000	0.125000	8	h
19	0.000000	0.250000	0.000000	0.625000	0.125000	8	y
20	0.000000	0.875000	0.000000	0.000000	0.125000	8	t
21	0.750000	0.000000	0.125000	0.000000	0.125000	8	r
22	0.000000	0.875000	0.000000	0.000000	0.125000	8	t
23	0.000000	0.875000	0.000000	0.000000	0.125000	8	t
24	0.000000	0.625000	0.000000	0.250000	0.125000	8	y
25	0.000000	0.000000	0.875000	0.000000	0.125000	8	g
26	0.000000	0.000000	0.875000	0.000000	0.125000	8	g
27	0.125000	0.750000	0.000000	0.000000	0.125000	8	w
28	0.000000	0.000000	0.875000	0.000000	0.125000	8	g
29	0.000000	0.000000	0.000000	0.875000	0.125000	8	c
30	0.000000	0.125000	0.000000	0.750000	0.125000	8	y
31	0.000000	0.875000	0.000000	0.000000	0.125000	8	t
32	0.000000	0.000000	0.875000	0.000000	0.125000	8	g
33	0.500000	0.000000	0.250000	0.000000	0.250000	8	r
34	0.000000	0.000000	0.875000	0.000000	0.125000	8	g
35	0.000000	0.000000	0.000000	0.875000	0.125000	8	c
36	0.125000	0.250000	0.000000	0.500000	0.125000	8	h
37	0.000000	0.000000	0.875000	0.000000	0.125000	8	g
38	0.000000	0.000000	0.875000	0.000000	0.125000	8	g
39	0.000000	0.250000	0.000000	0.625000	0.125000	8	y
40	0.875000	0.000000	0.000000	0.000000	0.125000	8	a
41	0.000000	0.875000	0.000000	0.000000	0.125000	8	t
42	0.750000	0.000000	0.125000	0.000000	0.125000	8	r
43	0.000000	0.000000	0.875000	0.000000	0.125000	8	g
44	0.000000	0.875000	0.000000	0.000000	0.125000	8	t
45	0.875000	0.000000	0.000000	0.000000	0.125000	8	a
46	0.000000	0.000000	0.875000	0.000000	0.125000	8	g
47	0.000000	0.000000	0.875000	0.000000	0.125000	8	g
48	0.500000	0.000000	0.375000	0.000000	0.125000	8	r
49	0.875000	0.000000	0.000000	0.000000	0.125000	8	a
50	0.000000	0.000000	0.000000	0.875000	0.125000	8	c
51	0.625000	0.000000	0.000000	0.250000	0.125000	8	m
52	0.000000	0.000000	0.875000	0.000000	0.125000	8	g
53	0.000000	0.000000	0.000000	0.875000	0.125000	8	c
54	0.000000	0.250000	0.000000	0.625000	0.125000	8	y
55	0.000000	0.500000	0.000000	0.375000	0.125000	8	y
56	0.000000	0.875000	0.000000	0.000000	0.125000	8	t
57	0.750000	0.000000	0.125000	0.000000	0.125000	8	r
58	0.875000	0.000000	0.000000	0.000000	0.125000	8	a
59	0.000000	0.000000	0.875000	0.000000	0.125000	8	g
60	0.000000	0.000000	0.000000	0.875000	0.125000	8	c
61	0.000000	0.250000	0.000000	0.625000	0.125000	8	y
62	0.000000	0.875000	0.000000	0.000000	0.125000	8	t
63	0.500000	0.250000	0.125000	0.000000	0.125000	8	d
64	0.000000	0.250000	0.000000	0.625000	0.125000	8	y
65	0.000000	0.875000	0.000000	0.000000	0.125000	8	t
66	0.750000	0.000000	0.125000	0.000000	0.125000	8	r
67	0.875000	0.000000	0.000000	0.000000	0.125000	8	a
68	0.000000	0.875000	0.000000	0.000000	0.125000	8	t
69	0.000000	0.875000	0.000000	0.000000	0.125000	8	t
70	0.000000	0.000000	0.000000	0.875000	0.125000	8	c
71	0.000000	0.000000	0.875000	0.000000	0.125000	8	g
72	0.000000	0.250000	0.000000	0.625000	0.125000	8	y
73	0.000000	0.000000	0.875000	0.000000	0.125000	8	g
74	0.000000	0.000000	0.000000	0.875000	0.125000	8	c
75	0.000000	0.625000	0.000000	0.250000	0.125000	8	y
76	0.000000	0.000000	0.875000	0.000000	0.125000	8	g
77	0.875000	0.000000	0.000000	0.000000	0.125000	8	a
78	0.875000	0.000000	0.000000	0.000000	0.125000	8	a
79	0.000000	0.500000	0.000000	0.375000	0.125000	8	y
80	0.000000	0.875000	0.000000	0.000000	0.125000	8	t
81	0.625000	0.000000	0.250000	0.000000	0.125000	8	r
82	0.000000	0.000000	0.875000	0.000000	0.125000	8	g
83	0.000000	0.000000	0.875000	0.000000	0.125000	8	g
84	0.000000	0.375000	0.000000	0.500000	0.125000	8	y
85	0.000000	0.000000	0.000000	0.875000	0.125000	8	c
86	0.750000	0.125000	0.000000	0.000000	0.125000	8	w
87	0.125000	0.000000	0.000000	0.000000	0.875000	8	a
88	0.000000	0.125000	0.000000	0.000000	0.875000	8	t
89	0.750000	0.125000	0.000000	0.000000	0.125000	8	w
90	0.000000	0.000000	0.000000	0.875000	0.125000	8	c
91	0.000000	0.000000	0.000000	0.875000	0.125000	8	c
92	0.000000	0.125000	0.000000	0.750000	0.125000	8	y
93	0.000000	0.000000	0.875000	0.000000	0.125000	8	g
94	0.000000	0.000000	0.875000	0.000000	0.125000	8	g
95	0.625000	0.250000	0.000000	0.000000	0.125000	8	w
96	0.875000	0.000000	0.000000	0.000000	0.125000	8	a
97	0.000000	0.000000	0.000000	1.000000	0.000000	8	C
98	0.000000	0.500000	0.000000	0.500000	0.000000	8	Y
99	0.000000	0.125000	0.000000	0.875000	0.000000	8	Y
100	0.000000	1.000000	0.000000	0.000000	0.000000	8	T
101	0.750000	0.000000	0.250000	0.000000	0.000000	8	R
102	0.000000	0.000000	0.000000	1.000000	0.000000	8	C
103	0.000000	1.000000	0.000000	0.000000	0.000000	8	T
104	0.000000	0.250000	0.000000	0.750000	0.000000	8	Y
105	0.000000	0.000000	1.000000	0.000000	0.000000	8	G
106	0.000000	0.000000	1.000000	0.000000	0.000000	8	G
107	1.000000	0.000000	0.000000	0.000000	0.000000	8	A
108	0.000000	0.000000	1.000000	0.000000	0.000000	8	G
109	1.000000	0.000000	0.000000	0.000000	0.000000	8	A
110	0.000000	0.750000	0.000000	0.250000	0.000000	8	Y
111	0.000000	0.000000	1.000000	0.000000	0.000000	8	G
112	1.000000	0.000000	0.000000	0.000000	0.000000	8	A
113	0.000000	0.125000	0.000000	0.875000	0.000000	8	Y
114	0.000000	0.000000	0.000000	1.000000	0.000000	8	C
115	1.000000	0.000000	0.000000	0.000000	0.000000	8	A
116	0.750000	0.000000	0.250000	0.000000	0.000000	8	R
117	1.000000	0.000000	0.000000	0.000000	0.000000	8	A
118	0.000000	1.000000	0.000000	0.000000	0.000000	8	T
119	0.000000	0.250000	0.000000	0.750000	0.000000	8	Y
120	0.000000	1.000000	0.000000	0.000000	0.000000	8	T
121	1.000000	0.000000	0.000000	0.000000	0.000000	8	A
122	0.000000	0.250000	0.000000	0.750000	0.000000	8	Y
123	1.000000	0.000000	0.000000	0.000000	0.000000	8	A
124	1.000000	0.000000	0.000000	0.000000	0.000000	8	A
125	0.000000	0.375000	0.000000	0.625000	0.000000	8	Y
126	0.125000	0.000000	0.875000	0.000000	0.000000	8	R
127	0.000000	1.000000	0.000000	0.000000	0.000000	8	T
128	0.875000	0.125000	0.000000	0.000000	0.000000	8	W
129	0.375000	0.000000	0.625000	0.000000	0.000000	8	R
130	0.000000	1.000000	0.000000	0.000000	0.000000	8	T
131	0.000000	0.625000	0.000000	0.375000	0.000000	8	Y
132	0.000000	0.000000	1.000000	0.000000	0.000000	8	G
133	0.000000	1.000000	0.000000	0.000000	0.000000	8	T
134	1.000000	0.000000	0.000000	0.000000	0.000000	8	A
135	1.000000	0.000000	0.000000	0.000000	0.000000	8	A
136	0.000000	0.000000	0.000000	1.000000	0.000000	8	C
137	0.000000	0.375000	0.000000	0.625000	0.000000	8	Y
138	0.000000	0.000000	1.000000	0.000000	0.000000	8	G
139	0.000000	0.000000	0.000000	1.000000	0.000000	8	C
140	1.000000	0.000000	0.000000	0.000000	0.000000	8	A
141	0.000000	0.000000	0.000000	1.000000	0.000000	8	C
142	1.000000	0.000000	0.000000	0.000000	0.000000	8	A
143	0.000000	0.625000	0.000000	0.375000	0.000000	8	Y
144	0.000000	0.000000	1.000000	0.000000	0.000000	8	G
145	0.000000	0.000000	0.000000	1.000000	0.000000	8	C
146	1.000000	0.000000	0.000000	0.000000	0.000000	8	A
147	0.000000	1.000000	0.000000	0.000000	0.000000	8	T
148	0.000000	1.000000	0.000000	0.000000	0.000000	8	T
149	0.000000	0.625000	0.000000	0.375000	0.000000	8	Y
150	0.000000	0.000000	1.000000	0.000000	0.000000	8	G
151	0.000000	1.000000	0.000000	0.000000	0.000000	8	T
152	1.000000	0.000000	0.000000	0.000000	0.000000	8	A
153	1.000000	0.000000	0.000000	0.000000	0.000000	8	A
154	0.000000	1.000000	0.000000	0.000000	0.000000	8	T
155	1.000000	0.000000	0.000000	0.000000	0.000000	8	A
156	1.000000	0.000000	0.000000	0.000000	0.000000	8	A
157	0.000000	1.000000	0.000000	0.000000	0.000000	8	T
158	0.000000	0.625000	0.000000	0.375000	0.000000	8	Y
159	0.000000	1.000000	0.000000	0.000000	0.000000	8	T
160	0.000000	1.000000	0.000000	0.000000	0.000000	8	T
161	0.000000	0.000000	0.000000	1.000000	0.000000	8	C
162	0.000000	1.000000	0.000000	0.000000	0.000000	8	T
163	0.000000	1.000000	0.000000	0.000000	0.000000	8	T
164	0.000000	1.000000	0.000000	0.000000	0.000000	8	T
165	1.000000	0.000000	0.000000	0.000000	0.000000	8	A
166	0.000000	1.000000	0.000000	0.000000	0.000000	8	T
167	1.000000	0.000000	0.000000	0.000000	0.000000	8	A
168	0.000000	0.000000	1.000000	0.000000	0.000000	8	G
169	0.000000	1.000000	0.000000	0.000000	0.000000	8	T
170	0.875000	0.125000	0.000000	0.000000	0.000000	8	W
171	1.000000	0.000000	0.000000	0.000000	0.000000	8	A
172	0.000000	1.000000	0.000000	0.000000	0.000000	8	T
173	0.500000	0.000000	0.500000	0.000000	0.000000	8	R
174	0.000000	0.000000	0.000000	1.000000	0.000000	8	C
175	0.000000	0.000000	0.000000	1.000000	0.000000	8	C
176	0.625000	0.375000	0.000000	0.000000	0.000000	8	W
177	1.000000	0.000000	0.000000	0.000000	0.000000	8	A
178	0.000000	1.000000	0.000000	0.000000	0.000000	8	T
179	0.000000	0.750000	0.000000	0.250000	0.000000	8	Y
180	1.000000	0.000000	0.000000	0.000000	0.000000	8	A
181	0.000000	1.000000	0.000000	0.000000	0.000000	8	T
182	0.750000	0.000000	0.250000	0.000000	0.000000	8	R
183	1.000000	0.000000	0.000000	0.000000	0.000000	8	A
184	0.000000	1.000000	0.000000	0.000000	0.000000	8	T
185	0.000000	0.750000	0.000000	0.250000	0.000000	8	Y
186	0.000000	0.000000	1.000000	0.000000	0.000000	8	G
187	0.000000	0.000000	1.000000	0.000000	0.000000	8	G
188	0.875000	0.125000	0.000000	0.000000	0.000000	8	W
189	0.000000	0.000000	1.000000	0.000000	0.000000	8	G
190	0.000000	0.000000	1.000000	0.000000	0.000000	8	G
191	0.500000	0.000000	0.500000	0.000000	0.000000	8	R
192	0.000000	1.000000	0.000000	0.000000	0.000000	8	T
193	0.000000	1.000000	0.000000	0.000000	0.000000	8	T
194	0.000000	0.625000	0.000000	0.375000	0.000000	8	Y
195	0.000000	0.000000	1.000000	0.000000	0.000000	8	G
196	0.000000	0.000000	1.000000	0.000000	0.000000	8	G
197	0.000000	0.625000	0.000000	0.375000	0.000000	8	Y
198	1.000000	0.000000	0.000000	0.000000	0.000000	8	A
199	1.000000	0.000000	0.000000	0.000000	0.000000	8	A
200	0.000000	0.500000	0.000000	0.500000	0.000000	8	Y
201	0.000000	1.000000	0.000000	0.000000	0.000000	8	T
202	0.000000	0.000000	1.000000	0.000000	0.000000	8	G
203	1.000000	0.000000	0.000000	0.000000	0.000000	8	A
204	0.000000	0.000000	0.000000	1.000000	0.000000	8	C
205	0.000000	1.000000	0.000000	0.000000	0.000000	8	T
206	0.500000	0.500000	0.000000	0.000000	0.000000	8	W
207	0.000000	0.000000	1.000000	0.000000	0.000000	8	G
208	0.000000	1.000000	0.000000	0.000000	0.000000	8	T
209	0.000000	0.500000	0.000000	0.500000	0.000000	8	Y
210	0.000000	0.000000	0.000000	1.000000	0.000000	8	C
211	0.000000	0.000000	0.000000	1.000000	0.000000	8	C
212	0.000000	0.625000	0.000000	0.375000	0.000000	8	Y
213	0.000000	0.000000	0.000000	1.000000	0.000000	8	C
214	0.000000	1.000000	0.000000	0.000000	0.000000	8	T
215	0.875000	0.000000	0.125000	0.000000	0.000000	8	R
216	1.000000	0.000000	0.000000	0.000000	0.000000	8	A
217	0.000000	1.000000	0.000000	0.000000	0.000000	8	T
218	1.000000	0.000000	0.000000	0.000000	0.000000	8	A
219	1.000000	0.000000	0.000000	0.000000	0.000000	8	A
220	0.000000	1.000000	0.000000	0.000000	0.000000	8	T
221	0.000000	1.000000	0.000000	0.000000	0.000000	8	T
222	0.000000	0.000000	1.000000	0.000000	0.000000	8	G
223	0.000000	0.000000	1.000000	0.000000	0.000000	8	G
224	0.250000	0.125000	0.000000	0.625000	0.000000	8	H
225	0.000000	0.000000	1.000000	0.000000	0.000000	8	G
226	0.000000	0.000000	0.000000	1.000000	0.000000	8	C
227	0.000000	0.500000	0.000000	0.500000	0.000000	8	Y
228	0.000000	0.000000	0.000000	1.000000	0.000000	8	C
229	0.000000	0.000000	0.000000	1.000000	0.000000	8	C
230	0.125000	0.250000	0.000000	0.625000	0.000000	8	H
231	0.000000	0.000000	1.000000	0.000000	0.000000	8	G
232	1.000000	0.000000	0.000000	0.000000	0.000000	8	A
233	0.000000	0.500000	0.000000	0.500000	0.000000	8	Y
234	1.000000	0.000000	0.000000	0.000000	0.000000	8	A
235	0.000000	1.000000	0.000000	0.000000	0.000000	8	T
236	0.875000	0.000000	0.125000	0.000000	0.000000	8	R
237	0.000000	0.000000	1.000000	0.000000	0.000000	8	G
238	0.000000	0.000000	0.000000	1.000000	0.000000	8	C
239	1.000000	0.000000	0.000000	0.000000	0.000000	8	A
240	0.000000	1.000000	0.000000	0.000000	0.000000	8	T
241	0.000000	1.000000	0.000000	0.000000	0.000000	8	T
242	0.000000	0.625000	0.000000	0.375000	0.000000	8	Y
243	0.000000	0.000000	0.000000	1.000000	0.000000	8	C
244	0.000000	0.000000	0.000000	1.000000	0.000000	8	C
245	0.000000	0.375000	0.000000	0.625000	0.000000	8	Y
246	0.000000	0.000000	0.000000	1.000000	0.000000	8	C
247	0.000000	0.000000	1.000000	0.000000	0.000000	8	G
248	0.500000	0.000000	0.500000	0.000000	0.000000	8	R
249	1.000000	0.000000	0.000000	0.000000	0.000000	8	A
250	0.000000	1.000000	0.000000	0.000000	0.000000	8	T
251	1.000000	0.000000	0.000000	0.000000	0.000000	8	A
252	1.000000	0.000000	0.000000	0.000000	0.000000	8	A
253	1.000000	0.000000	0.000000	0.000000	0.000000	8	A
254	0.000000	0.500000	0.000000	0.500000	0.000000	8	Y
255	1.000000	0.000000	0.000000	0.000000	0.000000	8	A
256	1.000000	0.000000	0.000000	0.000000	0.000000	8	A
257	0.000000	0.750000	0.000000	0.250000	0.000000	8	Y
258	1.000000	0.000000	0.000000	0.000000	0.000000	8	A
259	0.000000	1.000000	0.000000	0.000000	0.000000	8	T
260	0.750000	0.000000	0.250000	0.000000	0.000000	8	R
261	1.000000	0.000000	0.000000	0.000000	0.000000	8	A
262	0.000000	0.000000	1.000000	0.000000	0.000000	8	G
263	0.000000	0.000000	0.000000	1.000000	0.000000	8	C
264	0.000000	1.000000	0.000000	0.000000	0.000000	8	T
265	0.000000	1.000000	0.000000	0.000000	0.000000	8	T
266	0.000000	0.375000	0.000000	0.625000	0.000000	8	Y
267	0.000000	1.000000	0.000000	0.000000	0.000000	8	T
268	0.000000	0.000000	1.000000	0.000000	0.000000	8	G
269	1.000000	0.000000	0.000000	0.000000	0.000000	8	A
270	0.000000	0.000000	0.000000	1.000000	0.000000	8	C
271	0.000000	1.000000	0.000000	0.000000	0.000000	8	T
272	0.000000	0.375000	0.000000	0.625000	0.000000	8	Y
273	0.000000	0.000000	0.000000	1.000000	0.000000	8	C
274	0.000000	1.000000	0.000000	0.000000	0.000000	8	T
275	0.000000	0.375000	0.000000	0.625000	0.000000	8	Y
276	0.000000	0.000000	0.000000	1.000000	0.000000	8	C
277	0.000000	0.000000	0.000000	1.000000	0.000000	8	C
278	0.125000	0.625000	0.000000	0.250000	0.000000	8	H
279	0.000000	0.000000	0.000000	1.000000	0.000000	8	C
280	0.000000	0.000000	0.000000	1.000000	0.000000	8	C
281	0.125000	0.125000	0.000000	0.750000	0.000000	8	H
282	0.000000	1.000000	0.000000	0.000000	0.000000	8	T
283	0.000000	0.000000	0.000000	1.000000	0.000000	8	C
284	0.375000	0.625000	0.000000	0.000000	0.000000	8	W
285	0.000000	1.000000	0.000000	0.000000	0.000000	8	T
286	0.000000	1.000000	0.000000	0.000000	0.000000	8	T
287	0.000000	0.250000	0.000000	0.750000	0.000000	8	Y
288	0.000000	0.125000	0.000000	0.875000	0.000000	8	Y
289	0.000000	1.000000	0.000000	0.000000	0.000000	8	T
290	0.875000	0.000000	0.125000	0.000000	0.000000	8	R
291	0.000000	0.375000	0.000000	0.625000	0.000000	8	Y
292	0.000000	1.000000	0.000000	0.000000	0.000000	8	T
293	0.875000	0.000000	0.125000	0.000000	0.000000	8	R
294	0.000000	0.000000	0.000000	1.000000	0.000000	8	C
295	0.000000	1.000000	0.000000	0.000000	0.000000	8	T
296	0.000000	0.250000	0.000000	0.750000	0.000000	8	Y
297	0.000000	0.000000	0.000000	1.000000	0.000000	8	C
298	0.000000	1.000000	0.000000	0.000000	0.000000	8	T
299	0.625000	0.000000	0.000000	0.375000	0.000000	8	M
300	0.000000	0.000000	1.000000	0.000000	0.000000	8	G
301	0.000000	0.000000	0.000000	1.000000	0.000000	8	C
302	1.000000	0.000000	0.000000	0.000000	0.000000	8	A
303	0.000000	1.000000	0.000000	0.000000	0.000000	8	T
304	0.000000	0.000000	0.000000	1.000000	0.000000	8	C
305	0.250000	0.125000	0.000000	0.625000	0.000000	8	H
306	0.000000	1.000000	0.000000	0.000000	0.000000	8	T
307	0.000000	0.000000	0.000000	1.000000	0.000000	8	C
308	0.000000	0.875000	0.000000	0.125000	0.000000	8	Y
309	1.000000	0.000000	0.000000	0.000000	0.000000	8	A
310	0.000000	1.000000	0.000000	0.000000	0.000000	8	T
311	0.875000	0.000000	0.125000	0.000000	0.000000	8	R
312	0.000000	0.000000	1.000000	0.000000	0.000000	8	G
313	0.000000	1.000000	0.000000	0.000000	0.000000	8	T
314	0.000000	1.000000	0.000000	0.000000	0.000000	8	T
315	0.000000	0.000000	1.000000	0.000000	0.000000	8	G
316	1.000000	0.000000	0.000000	0.000000	0.000000	8	A
317	0.875000	0.000000	0.125000	0.000000	0.000000	8	R
318	0.000000	0.000000	1.000000	0.000000	0.000000	8	G
319	0.000000	0.000000	0.000000	1.000000	0.000000	8	C
320	0.125000	0.625000	0.000000	0.250000	0.000000	8	H
321	0.000000	0.000000	1.000000	0.000000	0.000000	8	G
322	0.000000	0.000000	1.000000	0.000000	0.000000	8	G
323	0.500000	0.000000	0.375000	0.125000	0.000000	8	V
324	0.000000	0.000000	1.000000	0.000000	0.000000	8	G
325	0.000000	0.000000	0.000000	1.000000	0.000000	8	C
326	1.000000	0.000000	0.000000	0.000000	0.000000	8	A
327	0.000000	0.000000	1.000000	0.000000	0.000000	8	G
328	0.000000	0.000000	1.000000	0.000000	0.000000	8	G
329	0.875000	0.000000	0.125000	0.000000	0.000000	8	R
330	1.000000	0.000000	0.000000	0.000000	0.000000	8	A
331	0.000000	0.000000	0.000000	1.000000	0.000000	8	C
332	1.000000	0.000000	0.000000	0.000000	0.000000	8	A
333	0.000000	0.000000	1.000000	0.000000	0.000000	8	G
334	0.000000	0.000000	1.000000	0.000000	0.000000	8	G
335	0.000000	0.375000	0.000000	0.625000	0.000000	8	Y
336	0.000000	1.000000	0.000000	0.000000	0.000000	8	T
337	0.000000	0.000000	1.000000	0.000000	0.000000	8	G
338	1.000000	0.000000	0.000000	0.000000	0.000000	8	A
339	1.000000	0.000000	0.000000	0.000000	0.000000	8	A
340	0.000000	0.000000	0.000000	1.000000	0.000000	8	C
341	0.000000	0.375000	0.000000	0.625000	0.000000	8	Y
342	0.000000	0.000000	1.000000	0.000000	0.000000	8	G
343	0.000000	1.000000	0.000000	0.000000	0.000000	8	T
344	0.625000	0.000000	0.375000	0.000000	0.000000	8	R
345	0.000000	1.000000	0.000000	0.000000	0.000000	8	T
346	1.000000	0.000000	0.000000	0.000000	0.000000	8	A
347	0.000000	0.375000	0.000000	0.625000	0.000000	8	Y
348	0.000000	0.000000	0.000000	1.000000	0.000000	8	C
349	0.000000	0.000000	0.000000	1.000000	0.000000	8	C
350	0.000000	0.750000	0.000000	0.250000	0.000000	8	Y
351	0.000000	0.000000	0.000000	1.000000	0.000000	8	C
352	0.000000	0.000000	0.000000	1.000000	0.000000	8	C
353	0.000000	0.625000	0.000000	0.375000	0.000000	8	Y
354	0.000000	0.500000	0.000000	0.500000	0.000000	8	Y
355	0.000000	1.000000	0.000000	0.000000	0.000000	8	T
356	1.000000	0.000000	0.000000	0.000000	0.000000	8	A
357	0.000000	0.000000	1.000000	0.000000	0.000000	8	G
358	0.000000	0.000000	0.000000	1.000000	0.000000	8	C
359	0.750000	0.125000	0.125000	0.000000	0.000000	8	D
360	0.000000	0.000000	1.000000	0.000000	0.000000	8	G
361	0.000000	0.000000	1.000000	0.000000	0.000000	8	G
362	0.000000	0.125000	0.000000	0.875000	0.000000	8	Y
363	1.000000	0.000000	0.000000	0.000000	0.000000	8	A
364	1.000000	0.000000	0.000000	0.000000	0.000000	8	A
365	0.000000	0.125000	0.000000	0.875000	0.000000	8	Y
366	0.000000	0.125000	0.000000	0.875000	0.000000	8	Y
367	0.000000	1.000000	0.000000	0.000000	0.000000	8	T
368	0.875000	0.000000	0.125000	0.000000	0.000000	8	R
369	0.000000	0.000000	1.000000	0.000000	0.000000	8	G
370	0.000000	0.000000	0.000000	1.000000	0.000000	8	C
371	0.000000	0.125000	0.000000	0.875000	0.000000	8	Y
372	0.000000	0.000000	0.000000	1.000000	0.000000	8	C
373	1.000000	0.000000	0.000000	0.000000	0.000000	8	A
374	0.000000	0.750000	0.000000	0.250000	0.000000	8	Y
375	0.000000	0.000000	1.000000	0.000000	0.000000	8	G
376	0.000000	0.000000	0.000000	1.000000	0.000000	8	C
377	1.000000	0.000000	0.000000	0.000000	0.000000	8	A
378	0.000000	0.000000	1.000000	0.000000	0.000000	8	G
379	0.000000	0.000000	1.000000	0.000000	0.000000	8	G
380	0.750000	0.125000	0.125000	0.000000	0.000000	8	D
381	0.000000	0.000000	1.000000	0.000000	0.000000	8	G
382	0.000000	0.000000	0.000000	1.000000	0.000000	8	C
383	0.000000	0.500000	0.000000	0.500000	0.000000	8	Y
384	0.000000	1.000000	0.000000	0.000000	0.000000	8	T
385	0.000000	0.000000	0.000000	1.000000	0.000000	8	C
386	1.000000	0.000000	0.000000	0.000000	0.000000	8	A
387	0.000000	0.000000	1.000000	0.000000	0.000000	8	G
388	0.000000	1.000000	0.000000	0.000000	0.000000	8	T
389	0.875000	0.125000	0.000000	0.000000	0.000000	8	W
390	0.000000	0.000000	1.000000	0.000000	0.000000	8	G
391	1.000000	0.000000	0.000000	0.000000	0.000000	8	A
392	0.000000	0.625000	0.000000	0.375000	0.000000	8	Y
393	0.000000	0.125000	0.000000	0.875000	0.000000	8	Y
394	0.000000	1.000000	0.000000	0.000000	0.000000	8	T
395	0.875000	0.000000	0.125000	0.000000	0.000000	8	R
396	1.000000	0.000000	0.000000	0.000000	0.000000	8	A
397	0.000000	0.000000	0.000000	1.000000	0.000000	8	C
398	0.000000	0.500000	0.000000	0.500000	0.000000	8	Y
399	1.000000	0.000000	0.000000	0.000000	0.000000	8	A
400	0.000000	1.000000	0.000000	0.000000	0.000000	8	T
401	0.000000	0.625000	0.000000	0.375000	0.000000	8	Y
402	0.000000	1.000000	0.000000	0.000000	0.000000	8	T
403	0.000000	1.000000	0.000000	0.000000	0.000000	8	T
404	0.000000	0.250000	0.000000	0.750000	0.000000	8	Y
405	0.000000	1.000000	0.000000	0.000000	0.000000	8	T
406	0.000000	0.000000	0.000000	1.000000	0.000000	8	C
407	0.000000	0.625000	0.000000	0.375000	0.000000	8	Y
408	0.000000	0.625000	0.000000	0.375000	0.000000	8	Y
409	0.000000	1.000000	0.000000	0.000000	0.000000	8	T
410	0.875000	0.125000	0.000000	0.000000	0.000000	8	W
411	0.000000	0.000000	0.000000	1.000000	0.000000	8	C
412	1.000000	0.000000	0.000000	0.000000	0.000000	8	A
413	0.000000	0.125000	0.000000	0.875000	0.000000	8	Y
414	0.000000	0.625000	0.000000	0.375000	0.000000	8	Y
415	0.000000	1.000000	0.000000	0.000000	0.000000	8	T
416	0.500000	0.000000	0.500000	0.000000	0.000000	8	R
417	0.000000	0.000000	1.000000	0.000000	0.000000	8	G
418	0.000000	0.000000	0.000000	1.000000	0.000000	8	C
419	1.000000	0.000000	0.000000	0.000000	0.000000	8	A
420	0.000000	0.000000	1.000000	0.000000	0.000000	8	G
421	0.000000	0.000000	1.000000	0.000000	0.000000	8	G
422	0.375000	0.375000	0.000000	0.250000	0.000000	8	H
423	0.125000	0.000000	0.875000	0.000000	0.000000	8	R
424	0.000000	1.000000	0.000000	0.000000	0.000000	8	T
425	0.000000	0.375000	0.000000	0.625000	0.000000	8	Y
426	0.000000	1.000000	0.000000	0.000000	0.000000	8	T
427	0.000000	0.000000	0.000000	1.000000	0.000000	8	C
428	0.000000	0.250000	0.000000	0.750000	0.000000	8	Y
429	0.000000	1.000000	0.000000	0.000000	0.000000	8	T
430	0.000000	0.000000	0.000000	1.000000	0.000000	8	C
431	0.875000	0.125000	0.000000	0.000000	0.000000	8	W
432	1.000000	0.000000	0.000000	0.000000	0.000000	8	A
433	0.000000	1.000000	0.000000	0.000000	0.000000	8	T
434	0.000000	0.750000	0.000000	0.250000	0.000000	8	Y
435	0.000000	0.500000	0.000000	0.500000	0.000000	8	Y
436	0.000000	1.000000	0.000000	0.000000	0.000000	8	T
437	1.000000	0.000000	0.000000	0.000000	0.000000	8	A
438	0.000000	0.000000	1.000000	0.000000	0.000000	8	G
439	0.000000	0.000000	1.000000	0.000000	0.000000	8	G
440	0.750000	0.125000	0.125000	0.000000	0.000000	8	D
441	0.000000	0.000000	1.000000	0.000000	0.000000	8	G
442	0.000000	0.000000	0.000000	1.000000	0.000000	8	C
443	0.000000	0.125000	0.000000	0.875000	0.000000	8	Y
444	1.000000	0.000000	0.000000	0.000000	0.000000	8	A
445	0.000000	1.000000	0.000000	0.000000	0.000000	8	T
446	0.000000	0.625000	0.000000	0.375000	0.000000	8	Y
447	1.000000	0.000000	0.000000	0.000000	0.000000	8	A
448	1.000000	0.000000	0.000000	0.000000	0.000000	8	A
449	0.000000	0.250000	0.000000	0.750000	0.000000	8	Y
450	0.000000	1.000000	0.000000	0.000000	0.000000	8	T
451	0.000000	1.000000	0.000000	0.000000	0.000000	8	T
452	0.000000	0.625000	0.000000	0.375000	0.000000	8	Y
453	1.000000	0.000000	0.000000	0.000000	0.000000	8	A
454	0.000000	1.000000	0.000000	0.000000	0.000000	8	T
455	0.000000	0.625000	0.000000	0.375000	0.000000	8	Y
456	1.000000	0.000000	0.000000	0.000000	0.000000	8	A
457	0.000000	0.000000	0.000000	1.000000	0.000000	8	C
458	1.000000	0.000000	0.000000	0.000000	0.000000	8	A
459	1.000000	0.000000	0.000000	0.000000	0.000000	8	A
460	0.000000	0.000000	0.000000	1.000000	0.000000	8	C
461	0.750000	0.250000	0.000000	0.000000	0.000000	8	W
462	1.000000	0.000000	0.000000	0.000000	0.000000	8	A
463	0.000000	1.000000	0.000000	0.000000	0.000000	8	T
464	0.000000	0.875000	0.000000	0.125000	0.000000	8	Y
465	1.000000	0.000000	0.000000	0.000000	0.000000	8	A
466	0.000000	1.000000	0.000000	0.000000	0.000000	8	T
467	0.000000	0.500000	0.000000	0.500000	0.000000	8	Y
468	1.000000	0.000000	0.000000	0.000000	0.000000	8	A
469	1.000000	0.000000	0.000000	0.000000	0.000000	8	A
470	0.000000	0.375000	0.000000	0.625000	0.000000	8	Y
471	1.000000	0.000000	0.000000	0.000000	0.000000	8	A
472	0.000000	1.000000	0.000000	0.000000	0.000000	8	T
473	0.875000	0.000000	0.125000	0.000000	0.000000	8	R
474	1.000000	0.000000	0.000000	0.000000	0.000000	8	A
475	1.000000	0.000000	0.000000	0.000000	0.000000	8	A
476	0.625000	0.000000	0.375000	0.000000	0.000000	8	R
477	0.000000	0.000000	0.000000	1.000000	0.000000	8	C
478	0.000000	0.000000	0.000000	1.000000	0.000000	8	C
479	0.125000	0.250000	0.000000	0.625000	0.000000	8	H
480	0.000000	0.000000	0.000000	1.000000	0.000000	8	C
481	0.000000	0.000000	0.000000	1.000000	0.000000	8	C
482	0.000000	0.375000	0.000000	0.625000	0.000000	8	Y
483	0.000000	0.000000	1.000000	0.000000	0.000000	8	G
484	0.000000	0.000000	0.000000	1.000000	0.000000	8	C
485	0.750000	0.000000	0.125000	0.125000	0.000000	8	V
486	1.000000	0.000000	0.000000	0.000000	0.000000	8	A
487	0.000000	1.000000	0.000000	0.000000	0.000000	8	T
488	0.625000	0.000000	0.375000	0.000000	0.000000	8	R
489	0.000000	1.000000	0.000000	0.000000	0.000000	8	T
490	0.000000	0.000000	0.000000	1.000000	0.000000	8	C
491	0.875000	0.000000	0.125000	0.000000	0.000000	8	R
492	0.000000	0.000000	0.000000	1.000000	0.000000	8	C
493	1.000000	0.000000	0.000000	0.000000	0.000000	8	A
494	0.750000	0.000000	0.250000	0.000000	0.000000	8	R
495	0.000000	1.000000	0.000000	0.000000	0.000000	8	T
496	1.000000	0.000000	0.000000	0.000000	0.000000	8	A
497	0.000000	0.625000	0.000000	0.375000	0.000000	8	Y
498	0.000000	0.000000	0.000000	1.000000	0.000000	8	C
499	1.000000	0.000000	0.000000	0.000000	0.000000	8	A
500	1.000000	0.000000	0.000000	0.000000	0.000000	8	A
501	1.000000	0.000000	0.000000	0.000000	0.000000	8	A
502	0.000000	0.000000	0.000000	1.000000	0.000000	8	C
503	0.000000	0.250000	0.000000	0.750000	0.000000	8	Y
504	0.000000	0.000000	0.000000	1.000000	0.000000	8	C
505	0.000000	0.000000	0.000000	1.000000	0.000000	8	C
506	0.000000	0.625000	0.000000	0.375000	0.000000	8	Y
507	0.000000	0.125000	0.000000	0.875000	0.000000	8	Y
508	0.000000	1.000000	0.000000	0.000000	0.000000	8	T
509	0.500000	0.000000	0.375000	0.125000	0.000000	8	V
510	0.000000	1.000000	0.000000	0.000000	0.000000	8	T
511	0.000000	1.000000	0.000000	0.000000	0.000000	8	T
512	0.000000	0.500000	0.000000	0.500000	0.000000	8	Y
513	0.000000	0.000000	1.000000	0.000000	0.000000	8	G
514	0.000000	1.000000	0.000000	0.000000	0.000000	8	T
515	0.500000	0.000000	0.500000	0.000000	0.000000	8	R
516	0.000000	1.000000	0.000000	0.000000	0.000000	8	T
517	0.000000	0.000000	1.000000	0.000000	0.000000	8	G
518	1.000000	0.000000	0.000000	0.000000	0.000000	8	A
519	0.000000	1.000000	0.000000	0.000000	0.000000	8	T
520	0.000000	0.000000	0.000000	1.000000	0.000000	8	C
521	0.000000	0.375000	0.000000	0.625000	0.000000	8	Y
522	0.000000	0.000000	1.000000	0.000000	0.000000	8	G
523	0.000000	1.000000	0.000000	0.000000	0.000000	8	T
524	0.750000	0.125000	0.000000	0.125000	0.000000	8	H
525	0.500000	0.375000	0.000000	0.125000	0.000000	8	H
526	0.000000	1.000000	0.000000	0.000000	0.000000	8	T
527	1.000000	0.000000	0.000000	0.000000	0.000000	8	A
528	0.875000	0.000000	0.125000	0.000000	0.000000	8	R
529	0.000000	1.000000	0.000000	0.000000	0.000000	8	T
530	0.000000	0.875000	0.000000	0.125000	0.000000	8	Y
531	1.000000	0.000000	0.000000	0.000000	0.000000	8	A
532	0.000000	0.000000	0.000000	1.000000	0.000000	8	C
533	0.000000	0.375000	0.000000	0.625000	0.000000	8	Y
534	0.000000	0.000000	1.000000	0.000000	0.000000	8	G
535	0.000000	0.000000	0.000000	1.000000	0.000000	8	C
536	0.000000	0.125000	0.000000	0.875000	0.000000	8	Y
537	0.000000	0.000000	1.000000	0.000000	0.000000	8	G
538	0.000000	1.000000	0.000000	0.000000	0.000000	8	T
539	1.000000	0.000000	0.000000	0.000000	0.000000	8	A
540	0.000000	0.000000	0.000000	1.000000	0.000000	8	C
541	0.000000	1.000000	0.000000	0.000000	0.000000	8	T
542	0.750000	0.250000	0.000000	0.000000	0.000000	8	W
543	0.000000	0.125000	0.000000	0.875000	0.000000	8	Y
544	0.000000	1.000000	0.000000	0.000000	0.000000	8	T
545	0.750000	0.000000	0.000000	0.250000	0.000000	8	M
546	0.000000	0.000000	0.000000	1.000000	0.000000	8	C
547	0.000000	1.000000	0.000000	0.000000	0.000000	8	T
548	0.250000	0.250000	0.000000	0.500000	0.000000	8	H
549	0.000000	0.000000	0.000000	1.000000	0.000000	8	C
550	0.000000	1.000000	0.000000	0.000000	0.000000	8	T
551	0.000000	0.375000	0.000000	0.625000	0.000000	8	Y
552	0.000000	1.000000	0.000000	0.000000	0.000000	8	T
553	0.000000	0.000000	0.000000	1.000000	0.000000	8	C
554	0.750000	0.000000	0.250000	0.000000	0.000000	8	R
555	0.000000	0.000000	0.000000	1.000000	0.000000	8	C
556	0.000000	1.000000	0.000000	0.000000	0.000000	8	T
557	0.000000	0.500000	0.000000	0.500000	0.000000	8	Y
558	0.000000	0.000000	0.000000	1.000000	0.000000	8	C
559	0.000000	0.000000	0.000000	1.000000	0.000000	8	C
560	0.000000	1.000000	0.000000	0.000000	0.000000	8	T
561	0.000000	0.000000	1.000000	0.000000	0.000000	8	G
562	0.000000	1.000000	0.000000	0.000000	0.000000	8	T
563	0.875000	0.000000	0.125000	0.000000	0.000000	8	R
564	0.000000	0.500000	0.000000	0.500000	0.000000	8	Y
565	0.000000	1.000000	0.000000	0.000000	0.000000	8	T
566	1.000000	0.000000	0.000000	0.000000	0.000000	8	A
567	0.000000	0.000000	1.000000	0.000000	0.000000	8	G
568	0.000000	0.000000	0.000000	1.000000	0.000000	8	C
569	0.875000	0.125000	0.000000	0.000000	0.000000	8	W
570	0.000000	0.000000	1.000000	0.000000	0.000000	8	G
571	0.000000	0.000000	0.000000	1.000000	0.000000	8	C
572	0.000000	0.500000	0.000000	0.500000	0.000000	8	Y
573	0.000000	0.000000	1.000000	0.000000	0.000000	8	G
574	0.000000	0.000000	1.000000	0.000000	0.000000	8	G
575	0.125000	0.250000	0.000000	0.625000	0.000000	8	H
576	1.000000	0.000000	0.000000	0.000000	0.000000	8	A
577	0.000000	1.000000	0.000000	0.000000	0.000000	8	T
578	0.000000	0.500000	0.000000	0.500000	0.000000	8	Y
579	1.000000	0.000000	0.000000	0.000000	0.000000	8	A
580	0.000000	0.000000	0.000000	1.000000	0.000000	8	C
581	1.000000	0.000000	0.000000	0.000000	0.000000	8	A
582	1.000000	0.000000	0.000000	0.000000	0.000000	8	A
583	0.000000	1.000000	0.000000	0.000000	0.000000	8	T
584	0.625000	0.000000	0.375000	0.000000	0.000000	8	R
585	0.000000	0.125000	0.000000	0.875000	0.000000	8	Y
586	0.000000	1.000000	0.000000	0.000000	0.000000	8	T
587	0.750000	0.125000	0.125000	0.000000	0.000000	8	D
588	0.000000	0.375000	0.000000	0.625000	0.000000	8	Y
589	0.000000	1.000000	0.000000	0.000000	0.000000	8	T
590	0.875000	0.125000	0.000000	0.000000	0.000000	8	W
591	1.000000	0.000000	0.000000	0.000000	0.000000	8	A
592	0.000000	0.000000	0.000000	1.000000	0.000000	8	C
593	0.875000	0.000000	0.125000	0.000000	0.000000	8	R
594	0.000000	0.000000	1.000000	0.000000	0.000000	8	G
595	1.000000	0.000000	0.000000	0.000000	0.000000	8	A
596	0.000000	0.250000	0.000000	0.750000	0.000000	8	Y
597	0.000000	0.000000	0.000000	1.000000	0.000000	8	C
598	0.000000	0.000000	1.000000	0.000000	0.000000	8	G
599	0.625000	0.000000	0.375000	0.000000	0.000000	8	R
600	1.000000	0.000000	0.000000	0.000000	0.000000	8	A
601	1.000000	0.000000	0.000000	0.000000	0.000000	8	A
602	0.000000	0.125000	0.000000	0.875000	0.000000	8	Y
603	0.000000	0.125000	0.000000	0.875000	0.000000	8	Y
604	0.000000	1.000000	0.000000	0.000000	0.000000	8	T
605	0.875000	0.000000	0.125000	0.000000	0.000000	8	R
606	1.000000	0.000000	0.000000	0.000000	0.000000	8	A
607	1.000000	0.000000	0.000000	0.000000	0.000000	8	A
608	0.000000	0.875000	0.000000	0.125000	0.000000	8	Y
609	1.000000	0.000000	0.000000	0.000000	0.000000	8	A
610	0.000000	0.000000	0.000000	1.000000	0.000000	8	C
611	1.000000	0.000000	0.000000	0.000000	0.000000	8	A
612	1.000000	0.000000	0.000000	0.000000	0.000000	8	A
613	0.000000	0.000000	0.000000	1.000000	0.000000	8	C
614	0.000000	0.250000	0.000000	0.750000	0.000000	8	Y
615	0.000000	1.000000	0.000000	0.000000	0.000000	8	T
616	0.000000	1.000000	0.000000	0.000000	0.000000	8	T
617	0.000000	0.250000	0.000000	0.750000	0.000000	8	Y
618	0.000000	1.000000	0.000000	0.000000	0.000000	8	T
619	0.000000	1.000000	0.000000	0.000000	0.000000	8	T
620	0.000000	0.625000	0.000000	0.375000	0.000000	8	Y
621	0.000000	0.000000	1.000000	0.000000	0.000000	8	G
622	1.000000	0.000000	0.000000	0.000000	0.000000	8	A
623	0.000000	0.000000	0.000000	1.000000	0.000000	8	C
624	0.000000	0.000000	0.000000	1.000000	0.000000	8	C
625	0.000000	0.000000	0.000000	1.000000	0.000000	8	C
626	0.750000	0.000000	0.250000	0.000000	0.000000	8	R
627	0.000000	0.000000	1.000000	0.000000	0.000000	8	G
628	0.000000	0.000000	0.000000	1.000000	0.000000	8	C
629	1.000000	0.000000	0.000000	0.000000	0.000000	8	A
630	0.000000	0.000000	1.000000	0.000000	0.000000	8	G
631	0.000000	0.000000	1.000000	0.000000	0.000000	8	G
632	1.000000	0.000000	0.000000	0.000000	0.000000	8	A
633	0.000000	0.000000	1.000000	0.000000	0.000000	8	G
634	0.000000	0.000000	1.000000	0.000000	0.000000	8	G
635	0.875000	0.000000	0.000000	0.125000	0.000000	8	M
636	0.000000	0.000000	1.000000	0.000000	0.000000	8	G
637	0.000000	0.000000	1.000000	0.000000	0.000000	8	G
638	1.000000	0.000000	0.000000	0.000000	0.000000	8	A
639	0.000000	0.000000	1.000000	0.000000	0.000000	8	G
640	1.000000	0.000000	0.000000	0.000000	0.000000	8	A
641	0.000000	0.250000	0.000000	0.750000	0.000000	8	Y
642	0.000000	0.000000	0.000000	1.000000	0.000000	8	C
643	0.000000	0.000000	0.000000	1.000000	0.000000	8	C
644	0.125000	0.625000	0.000000	0.250000	0.000000	8	H
645	1.000000	0.000000	0.000000	0.000000	0.000000	8	A
646	0.000000	1.000000	0.000000	0.000000	0.000000	8	T
647	0.000000	0.500000	0.000000	0.500000	0.000000	8	Y
648	0.000000	0.250000	0.000000	0.750000	0.000000	8	Y
649	0.000000	1.000000	0.000000	0.000000	0.000000	8	T
650	1.000000	0.000000	0.000000	0.000000	0.000000	8	A
651	0.000000	1.000000	0.000000	0.000000	0.000000	8	T
652	1.000000	0.000000	0.000000	0.000000	0.000000	8	A
653	0.000000	0.625000	0.000000	0.375000	0.000000	8	Y
654	0.000000	0.000000	0.000000	1.000000	0.000000	8	C
655	1.000000	0.000000	0.000000	0.000000	0.000000	8	A
656	1.000000	0.000000	0.000000	0.000000	0.000000	8	A
657	0.000000	0.000000	0.000000	1.000000	0.000000	8	C
658	1.000000	0.000000	0.000000	0.000000	0.000000	8	A
659	0.000000	0.000000	0.000000	1.000000	0.000000	8	C
660	0.000000	0.625000	0.000000	0.375000	0.000000	8	Y
661	0.000000	1.000000	0.000000	0.000000	0.000000	8	T
662	0.875000	0.000000	0.125000	0.000000	0.000000	8	R
663	0.000000	1.000000	0.000000	0.000000	0.000000	8	T
664	0.000000	1.000000	0.000000	0.000000	0.000000	8	T
665	0.000000	0.125000	0.000000	0.875000	0.000000	8	Y
666	0.000000	0.500000	0.000000	0.000000	0.500000	8	t
667	0.000000	0.000000	0.500000	0.000000	0.500000	8	g
668	0.500000	0.000000	0.000000	0.000000	0.500000	8	a
669	0.000000	0.500000	0.000000	0.000000	0.500000	8	t
670	0.000000	0.500000	0.000000	0.000000	0.500000	8	t
671	0.000000	0.250000	0.000000	0.125000	0.625000	8	y
672	0.000000	0.250000	0.000000	0.000000	0.750000	8	t
673	0.000000	0.250000	0.000000	0.000000	0.750000	8	t
674	0.000000	0.250000	0.000000	0.000000	0.750000	8	t
675	0.000000	0.000000	0.250000	0.000000	0.750000	8	g
676	0.125000	0.000000	0.125000	0.000000	0.750000	8	r
677	0.000000	0.125000	0.125000	0.000000	0.750000	8	k
678	0.000000	0.000000	0.000000	0.125000	0.875000	8	c
679	0.125000	0.000000	0.000000	0.000000	0.875000	8	a
680	0.000000	0.000000	0.000000	0.125000	0.875000	8	c
681	0.000000	0.000000	0.000000	0.125000	0.875000	8	c
682	0.000000	0.000000	0.000000	0.125000	0.875000	8	c
683	0.000000	0.125000	0.000000	0.000000	0.875000	8	t
684	0.000000	0.000000	0.125000	0.000000	0.875000	8	g
685	0.125000	0.000000	0.000000	0.000000	0.875000	8	a
686	0.125000	0.000000	0.000000	0.000000	0.875000	8	a
687	0.000000	0.000000	0.125000	0.000000	0.875000	8	g
688	0.000000	0.125000	0.000000	0.000000	0.875000	8	t
